"样品编号","3"
"加载载荷","500"
"试验时间","10"
"运行速度","300"
"运行长度","5"
"旋转半径","3"
"扫描长度","4"
"年","2026"
"月","4"
"日","23"
"载荷范围控制参数","1"
"运行方式控制参数","0"
"摩系量程控制参数","0"
"磨痕深度测量范围参数","1"
913
.296
0
0
0
.66,.172,.004,0
1.33,.323,.008,0
2,.326,.013,0
2.66,.283,.017,0
3.33,.302,.022,0
4,.295,.026,0
4.66,.268,.031,0
5.33,.285,.035,0
6,.285,.039,0
6.66,.273,.044,0
7.33,.28,.048,0
8,.285,.053,0
8.66,.266,.057,0
9.33,.266,.062,0
10,.263,.066,0
10.66,.263,.071,0
11.33,.271,.075,0
12,.256,.079,0
12.66,.273,.084,0
13.33,.263,.088,0
14,.259,.093,0
14.66,.261,.097,0
15.33,.261,.102,0
16,.259,.106,0
16.66,.263,.111,0
17.33,.261,.115,0
18,.259,.119,0
18.66,.259,.124,0
19.33,.271,.128,0
20,.261,.133,0
20.66,.268,.137,0
21.33,.263,.142,0
22,.268,.146,0
22.66,.271,.151,0
23.33,.263,.155,0
24,.256,.159,0
24.66,.256,.164,0
25.33,.261,.168,0
26,.259,.173,0
26.66,.259,.177,0
27.33,.261,.182,0
28,.266,.186,0
28.66,.268,.191,0
29.33,.275,.195,0
30,.273,.199,0
30.66,.266,.204,0
31.33,.273,.208,0
32,.261,.213,0
32.66,.256,.217,0
33.33,.263,.222,0
34,.259,.226,0
34.66,.251,.231,0
35.33,.261,.235,0
36,.259,.239,0
36.66,.266,.244,0
37.33,.261,.248,0
38,.266,.253,0
38.66,.266,.257,0
39.33,.266,.262,0
40,.261,.266,0
40.66,.256,.271,0
41.33,.285,.275,0
42,.285,.279,0
42.66,.285,.284,0
43.33,.287,.288,0
44,.292,.293,0
44.66,.278,.297,0
45.33,.292,.302,0
46,.285,.306,0
46.66,.285,.311,0
47.33,.287,.315,0
48,.283,.319,0
48.66,.287,.324,0
49.33,.287,.328,0
50,.283,.333,0
50.66,.285,.337,0
51.33,.297,.342,0
52,.287,.346,0
52.66,.278,.351,0
53.33,.292,.355,0
54,.295,.359,0
54.66,.29,.364,0
55.33,.285,.368,0
56,.287,.373,0
56.66,.285,.377,0
57.33,.285,.382,0
58,.287,.386,0
58.66,.287,.391,0
59.33,.287,.395,0
60,.295,.399,0
60.66,.285,.404,0
61.33,.29,.408,0
62,.285,.413,0
62.66,.29,.417,0
63.33,.285,.422,0
64,.283,.426,0
64.66,.292,.431,0
65.33,.292,.435,0
66,.287,.439,0
66.66,.29,.444,0
67.33,.28,.448,0
68,.28,.453,0
68.66,.287,.457,0
69.33,.287,.462,0
70,.275,.466,0
70.66,.29,.471,0
71.33,.287,.475,0
72,.29,.479,0
72.66,.292,.484,0
73.33,.283,.488,0
74,.292,.493,0
74.66,.295,.497,0
75.33,.295,.502,0
76,.283,.506,0
76.66,.295,.511,0
77.33,.292,.515,0
78,.292,.519,0
78.66,.29,.524,0
79.33,.292,.528,0
80,.295,.533,0
80.66,.287,.537,0
81.33,.292,.542,0
82,.287,.546,0
82.66,.295,.551,0
83.33,.287,.555,0
84,.297,.559,0
84.66,.292,.564,0
85.33,.29,.568,0
86,.29,.573,0
86.66,.29,.577,0
87.33,.29,.582,0
88,.29,.586,0
88.66,.283,.591,0
89.33,.297,.595,0
90,.287,.599,0
90.66,.285,.604,0
91.33,.29,.608,0
92,.292,.613,0
92.66,.299,.617,0
93.33,.295,.622,0
94,.299,.626,0
94.66,.299,.631,0
95.33,.302,.635,0
96,.302,.639,0
96.66,.304,.644,0
97.33,.299,.648,0
98,.302,.653,0
98.66,.299,.657,0
99.33,.304,.662,0
100,.299,.666,0
100.66,.292,.671,0
101.33,.297,.675,0
102,.295,.679,0
102.66,.299,.684,0
103.33,.295,.688,0
104,.302,.693,0
104.66,.297,.697,0
105.33,.297,.702,0
106,.299,.706,0
106.66,.299,.711,0
107.33,.304,.715,0
108,.299,.719,0
108.66,.297,.724,0
109.33,.297,.728,0
110,.297,.733,0
110.66,.302,.737,0
111.33,.302,.742,0
112,.297,.746,0
112.66,.302,.751,0
113.33,.299,.755,0
114,.297,.759,0
114.66,.292,.764,0
115.33,.302,.768,0
116,.297,.773,0
116.66,.297,.777,0
117.33,.292,.782,0
118,.304,.786,0
118.66,.302,.791,0
119.33,.295,.795,0
120,.299,.799,0
120.66,.295,.804,0
121.33,.304,.808,0
122,.304,.813,0
122.66,.307,.817,0
123.33,.307,.822,0
124,.311,.826,0
124.66,.295,.831,0
125.33,.304,.835,0
126,.302,.839,0
126.66,.302,.844,0
127.33,.302,.848,0
128,.304,.853,0
128.66,.297,.857,0
129.33,.307,.862,0
130,.302,.866,0
130.66,.302,.871,0
131.33,.302,.875,0
132,.295,.879,0
132.66,.302,.884,0
133.33,.299,.888,0
134,.302,.893,0
134.66,.302,.897,0
135.33,.299,.902,0
136,.302,.906,0
136.66,.302,.911,0
137.33,.295,.915,0
138,.299,.919,0
138.66,.297,.924,0
139.33,.299,.928,0
140,.302,.933,0
140.66,.297,.937,0
141.33,.302,.942,0
142,.299,.946,0
142.66,.302,.951,0
143.33,.295,.955,0
144,.297,.959,0
144.66,.297,.964,0
145.33,.295,.968,0
146,.295,.973,0
146.66,.297,.977,0
147.33,.297,.982,0
148,.299,.986,0
148.66,.299,.991,0
149.33,.299,.995,0
150,.299,.999,0
150.66,.295,1.004,0
151.33,.295,1.008,0
152,.292,1.013,0
152.66,.302,1.017,0
153.33,.314,1.022,0
154,.314,1.026,0
154.66,.311,1.031,0
155.33,.321,1.035,0
156,.316,1.039,0
156.66,.309,1.044,0
157.33,.314,1.048,0
158,.316,1.053,0
158.66,.316,1.057,0
159.33,.319,1.062,0
160,.319,1.066,0
160.66,.319,1.071,0
161.33,.326,1.075,0
162,.323,1.079,0
162.66,.321,1.084,0
163.33,.321,1.088,0
164,.326,1.093,0
164.66,.321,1.097,0
165.33,.321,1.102,0
166,.323,1.106,0
166.66,.316,1.111,0
167.33,.321,1.115,0
168,.323,1.119,0
168.66,.323,1.124,0
169.33,.321,1.128,0
170,.319,1.133,0
170.66,.319,1.137,0
171.33,.316,1.142,0
172,.323,1.146,0
172.66,.328,1.151,0
173.33,.326,1.155,0
174,.331,1.159,0
174.66,.321,1.164,0
175.33,.328,1.168,0
176,.321,1.173,0
176.66,.328,1.177,0
177.33,.326,1.182,0
178,.323,1.186,0
178.66,.323,1.191,0
179.33,.323,1.195,0
180,.321,1.199,0
180.66,.314,1.204,0
181.33,.314,1.208,0
182,.319,1.213,0
182.66,.321,1.217,0
183.33,.316,1.222,0
184,.319,1.226,0
184.66,.309,1.231,0
185.33,.311,1.235,0
186,.311,1.239,0
186.66,.307,1.244,0
187.33,.307,1.248,0
188,.307,1.253,0
188.66,.309,1.257,0
189.33,.311,1.262,0
190,.309,1.266,0
190.66,.311,1.271,0
191.33,.307,1.275,0
192,.307,1.279,0
192.66,.307,1.284,0
193.33,.307,1.288,0
194,.311,1.293,0
194.66,.309,1.297,0
195.33,.311,1.302,0
196,.311,1.306,0
196.66,.304,1.311,0
197.33,.304,1.315,0
198,.304,1.319,0
198.66,.307,1.324,0
199.33,.302,1.328,0
200,.302,1.333,0
200.66,.297,1.337,0
201.33,.295,1.342,0
202,.295,1.346,0
202.66,.297,1.351,0
203.33,.297,1.355,0
204,.295,1.359,0
204.66,.299,1.364,0
205.33,.302,1.368,0
206,.302,1.373,0
206.66,.302,1.377,0
207.33,.302,1.382,0
208,.302,1.386,0
208.66,.307,1.391,0
209.33,.307,1.395,0
210,.302,1.399,0
210.66,.304,1.404,0
211.33,.304,1.408,0
212,.309,1.413,0
212.66,.309,1.417,0
213.33,.304,1.422,0
214,.304,1.426,0
214.66,.304,1.431,0
215.33,.302,1.435,0
216,.307,1.439,0
216.66,.307,1.444,0
217.33,.309,1.448,0
218,.307,1.453,0
218.66,.309,1.457,0
219.33,.307,1.462,0
220,.309,1.466,0
220.66,.309,1.471,0
221.33,.309,1.475,0
222,.309,1.479,0
222.66,.307,1.484,0
223.33,.309,1.488,0
224,.309,1.493,0
224.66,.309,1.497,0
225.33,.309,1.502,0
226,.309,1.506,0
226.66,.309,1.511,0
227.33,.309,1.515,0
228,.304,1.519,0
228.66,.307,1.524,0
229.33,.311,1.528,0
230,.307,1.533,0
230.66,.304,1.537,0
231.33,.307,1.542,0
232,.307,1.546,0
232.66,.304,1.551,0
233.33,.307,1.555,0
234,.304,1.559,0
234.66,.307,1.564,0
235.33,.309,1.568,0
236,.309,1.573,0
236.66,.309,1.577,0
237.33,.309,1.582,0
238,.311,1.586,0
238.66,.309,1.591,0
239.33,.309,1.595,0
240,.309,1.599,0
240.66,.307,1.604,0
241.33,.304,1.608,0
242,.307,1.613,0
242.66,.307,1.617,0
243.33,.307,1.622,0
244,.304,1.626,0
244.66,.307,1.631,0
245.33,.304,1.635,0
246,.302,1.639,0
246.66,.299,1.644,0
247.33,.299,1.648,0
248,.302,1.653,0
248.66,.304,1.657,0
249.33,.304,1.662,0
250,.304,1.666,0
250.67,.307,1.671,0
251.33,.307,1.675,0
252,.304,1.679,0
252.67,.304,1.684,0
253.33,.304,1.688,0
254,.307,1.693,0
254.67,.307,1.697,0
255.33,.304,1.702,0
256,.307,1.706,0
256.67,.304,1.711,0
257.33,.307,1.715,0
258,.309,1.719,0
258.67,.307,1.724,0
259.33,.309,1.728,0
260,.307,1.733,0
260.67,.309,1.737,0
261.33,.309,1.742,0
262,.307,1.746,0
262.67,.309,1.751,0
263.33,.309,1.755,0
264,.307,1.759,0
264.67,.304,1.764,0
265.33,.304,1.768,0
266,.307,1.773,0
266.67,.304,1.777,0
267.33,.304,1.782,0
268,.304,1.786,0
268.67,.304,1.791,0
269.33,.302,1.795,0
270,.302,1.799,0
270.67,.302,1.804,0
271.33,.304,1.808,0
272,.299,1.813,0
272.67,.302,1.817,0
273.33,.302,1.822,0
274,.302,1.826,0
274.67,.302,1.831,0
275.33,.302,1.835,0
276,.302,1.839,0
276.67,.302,1.844,0
277.33,.299,1.848,0
278,.302,1.853,0
278.67,.302,1.857,0
279.33,.299,1.862,0
280,.299,1.866,0
280.67,.299,1.871,0
281.33,.302,1.875,0
282,.302,1.879,0
282.67,.299,1.884,0
283.33,.302,1.888,0
284,.302,1.893,0
284.67,.299,1.897,0
285.33,.299,1.902,0
286,.299,1.906,0
286.67,.299,1.911,0
287.33,.299,1.915,0
288,.302,1.919,0
288.67,.302,1.924,0
289.33,.302,1.928,0
290,.299,1.933,0
290.67,.299,1.937,0
291.33,.299,1.942,0
292,.299,1.946,0
292.67,.297,1.951,0
293.33,.299,1.955,0
294,.299,1.959,0
294.67,.299,1.964,0
295.33,.299,1.968,0
296,.299,1.973,0
296.67,.297,1.977,0
297.33,.297,1.982,0
298,.299,1.986,0
298.67,.299,1.991,0
299.33,.299,1.995,0
300,.297,1.999,0
300.67,.297,2.004,0
301.33,.297,2.008,0
302,.297,2.013,0
302.67,.297,2.017,0
303.33,.295,2.022,0
304,.297,2.026,0
304.67,.297,2.031,0
305.33,.297,2.035,0
306,.299,2.039,0
306.67,.297,2.044,0
307.33,.297,2.048,0
308,.297,2.053,0
308.67,.297,2.057,0
309.33,.297,2.062,0
310,.297,2.066,0
310.67,.297,2.071,0
311.33,.297,2.075,0
312,.297,2.079,0
312.67,.297,2.084,0
313.33,.297,2.088,0
314,.297,2.093,0
314.67,.297,2.097,0
315.33,.297,2.102,0
316,.297,2.106,0
316.67,.297,2.111,0
317.33,.297,2.115,0
318,.299,2.119,0
318.67,.297,2.124,0
319.33,.299,2.128,0
320,.297,2.133,0
320.67,.297,2.137,0
321.33,.297,2.142,0
322,.299,2.146,0
322.67,.297,2.151,0
323.33,.299,2.155,0
324,.297,2.159,0
324.67,.297,2.164,0
325.33,.299,2.168,0
326,.297,2.173,0
326.67,.297,2.177,0
327.33,.297,2.182,0
328,.299,2.186,0
328.67,.297,2.191,0
329.33,.299,2.195,0
330,.297,2.199,0
330.67,.297,2.204,0
331.33,.297,2.208,0
332,.297,2.213,0
332.67,.297,2.217,0
333.33,.299,2.222,0
334,.297,2.226,0
334.67,.299,2.231,0
335.33,.299,2.235,0
336,.299,2.239,0
336.67,.299,2.244,0
337.33,.299,2.248,0
338,.299,2.253,0
338.67,.297,2.257,0
339.33,.299,2.262,0
340,.299,2.266,0
340.67,.299,2.271,0
341.33,.297,2.275,0
342,.299,2.279,0
342.67,.299,2.284,0
343.33,.299,2.288,0
344,.297,2.293,0
344.67,.297,2.297,0
345.33,.297,2.302,0
346,.297,2.306,0
346.67,.297,2.311,0
347.33,.297,2.315,0
348,.297,2.319,0
348.67,.297,2.324,0
349.33,.297,2.328,0
350,.295,2.333,0
350.67,.297,2.337,0
351.33,.297,2.342,0
352,.295,2.346,0
352.67,.297,2.351,0
353.33,.297,2.355,0
354,.297,2.359,0
354.67,.297,2.364,0
355.33,.297,2.368,0
356,.297,2.373,0
356.67,.297,2.377,0
357.33,.297,2.382,0
358,.297,2.386,0
358.67,.297,2.391,0
359.33,.297,2.395,0
360,.295,2.399,0
360.67,.297,2.404,0
361.33,.295,2.408,0
362,.295,2.413,0
362.67,.297,2.417,0
363.33,.297,2.422,0
364,.295,2.426,0
364.67,.295,2.431,0
365.33,.295,2.435,0
366,.297,2.439,0
366.67,.297,2.444,0
367.33,.297,2.448,0
368,.297,2.453,0
368.67,.295,2.457,0
369.33,.297,2.462,0
370,.295,2.466,0
370.67,.297,2.471,0
371.33,.295,2.475,0
372,.297,2.479,0
372.67,.295,2.484,0
373.33,.295,2.488,0
374,.297,2.493,0
374.67,.295,2.497,0
375.33,.297,2.502,0
376,.297,2.506,0
376.67,.297,2.511,0
377.33,.297,2.515,0
378,.297,2.519,0
378.67,.297,2.524,0
379.33,.297,2.528,0
380,.299,2.533,0
380.67,.297,2.537,0
381.33,.299,2.542,0
382,.297,2.546,0
382.67,.299,2.551,0
383.33,.299,2.555,0
384,.297,2.559,0
384.67,.299,2.564,0
385.33,.297,2.568,0
386,.299,2.573,0
386.67,.297,2.577,0
387.33,.297,2.582,0
388,.297,2.586,0
388.67,.299,2.591,0
389.33,.297,2.595,0
390,.297,2.599,0
390.67,.299,2.604,0
391.33,.297,2.608,0
392,.299,2.613,0
392.67,.295,2.617,0
393.33,.297,2.622,0
394,.297,2.626,0
394.67,.295,2.631,0
395.33,.299,2.635,0
396,.297,2.639,0
396.67,.297,2.644,0
397.33,.297,2.648,0
398,.297,2.653,0
398.67,.297,2.657,0
399.33,.297,2.662,0
400,.297,2.666,0
400.67,.295,2.671,0
401.33,.297,2.675,0
402,.297,2.679,0
402.67,.297,2.684,0
403.33,.297,2.688,0
404,.297,2.693,0
404.67,.297,2.697,0
405.33,.295,2.702,0
406,.295,2.706,0
406.67,.295,2.711,0
407.33,.295,2.715,0
408,.295,2.719,0
408.67,.295,2.724,0
409.33,.295,2.728,0
410,.295,2.733,0
410.67,.295,2.737,0
411.33,.295,2.742,0
412,.295,2.746,0
412.67,.295,2.751,0
413.33,.295,2.755,0
414,.295,2.759,0
414.67,.295,2.764,0
415.33,.295,2.768,0
416,.295,2.773,0
416.67,.295,2.777,0
417.33,.295,2.782,0
418,.295,2.786,0
418.67,.295,2.791,0
419.33,.295,2.795,0
420,.295,2.799,0
420.67,.295,2.804,0
421.33,.295,2.808,0
422,.297,2.813,0
422.67,.297,2.817,0
423.33,.297,2.822,0
424,.297,2.826,0
424.67,.295,2.831,0
425.33,.295,2.835,0
426,.295,2.839,0
426.67,.297,2.844,0
427.33,.297,2.848,0
428,.295,2.853,0
428.67,.295,2.857,0
429.33,.295,2.862,0
430,.297,2.866,0
430.67,.297,2.871,0
431.33,.297,2.875,0
432,.297,2.879,0
432.67,.297,2.884,0
433.33,.297,2.888,0
434,.297,2.893,0
434.67,.299,2.897,0
435.33,.297,2.902,0
436,.295,2.906,0
436.67,.299,2.911,0
437.33,.297,2.915,0
438,.297,2.919,0
438.67,.297,2.924,0
439.33,.297,2.928,0
440,.297,2.933,0
440.67,.297,2.937,0
441.33,.297,2.942,0
442,.297,2.946,0
442.67,.297,2.951,0
443.33,.295,2.955,0
444,.297,2.959,0
444.67,.295,2.964,0
445.33,.297,2.968,0
446,.297,2.973,0
446.67,.297,2.977,0
447.33,.297,2.982,0
448,.297,2.986,0
448.67,.297,2.991,0
449.33,.297,2.995,0
450,.297,2.999,0
450.67,.297,3.004,0
451.33,.297,3.008,0
452,.299,3.013,0
452.67,.299,3.017,0
453.33,.302,3.022,0
454,.299,3.026,0
454.67,.302,3.031,0
455.33,.299,3.035,0
456,.299,3.039,0
456.67,.297,3.044,0
457.33,.299,3.048,0
458,.299,3.053,0
458.67,.299,3.057,0
459.33,.299,3.062,0
460,.299,3.066,0
460.67,.302,3.071,0
461.33,.302,3.075,0
462,.299,3.079,0
462.67,.302,3.084,0
463.33,.302,3.088,0
464,.302,3.093,0
464.67,.302,3.097,0
465.33,.302,3.102,0
466,.302,3.106,0
466.67,.302,3.111,0
467.33,.302,3.115,0
468,.304,3.119,0
468.67,.304,3.124,0
469.33,.302,3.128,0
470,.304,3.133,0
470.67,.304,3.137,0
471.33,.304,3.142,0
472,.304,3.146,0
472.67,.307,3.151,0
473.33,.304,3.155,0
474,.304,3.159,0
474.67,.307,3.164,0
475.33,.307,3.168,0
476,.307,3.173,0
476.67,.307,3.177,0
477.33,.307,3.182,0
478,.309,3.186,0
478.67,.309,3.191,0
479.33,.309,3.195,0
480,.309,3.199,0
480.67,.309,3.204,0
481.33,.309,3.208,0
482,.309,3.213,0
482.67,.309,3.217,0
483.33,.311,3.222,0
484,.311,3.226,0
484.67,.311,3.231,0
485.33,.311,3.235,0
486,.311,3.239,0
486.67,.311,3.244,0
487.33,.311,3.248,0
488,.314,3.253,0
488.67,.314,3.257,0
489.33,.314,3.262,0
490,.314,3.266,0
490.67,.311,3.271,0
491.33,.314,3.275,0
492,.314,3.279,0
492.67,.316,3.284,0
493.33,.319,3.288,0
494,.319,3.293,0
494.67,.319,3.297,0
495.33,.316,3.302,0
496,.319,3.306,0
496.67,.316,3.311,0
497.33,.316,3.315,0
498,.319,3.319,0
498.67,.319,3.324,0
499.33,.319,3.328,0
500,.319,3.333,0
500.67,.321,3.337,0
501.33,.321,3.342,0
502,.321,3.346,0
502.67,.321,3.351,0
503.33,.321,3.355,0
504,.321,3.359,0
504.67,.319,3.364,0
505.33,.321,3.368,0
506,.321,3.373,0
506.67,.321,3.377,0
507.33,.323,3.382,0
508,.323,3.386,0
508.67,.323,3.391,0
509.33,.326,3.395,0
510,.326,3.399,0
510.67,.328,3.404,0
511.33,.328,3.408,0
512,.331,3.413,0
512.67,.331,3.417,0
513.33,.328,3.422,0
514,.331,3.426,0
514.67,.331,3.431,0
515.33,.331,3.435,0
516,.331,3.439,0
516.67,.331,3.444,0
517.33,.333,3.448,0
518,.333,3.453,0
518.67,.335,3.457,0
519.33,.335,3.462,0
520,.338,3.466,0
520.67,.338,3.471,0
521.33,.338,3.475,0
522,.338,3.479,0
522.67,.34,3.484,0
523.33,.343,3.488,0
524,.343,3.493,0
524.67,.343,3.497,0
525.33,.343,3.502,0
526,.345,3.506,0
526.67,.345,3.511,0
527.33,.347,3.515,0
528,.352,3.519,0
528.67,.35,3.524,0
529.33,.352,3.528,0
530,.35,3.533,0
530.67,.352,3.537,0
531.33,.352,3.542,0
532,.352,3.546,0
532.67,.352,3.551,0
533.33,.352,3.555,0
534,.355,3.559,0
534.67,.355,3.564,0
535.33,.359,3.568,0
536,.359,3.573,0
536.67,.362,3.577,0
537.33,.359,3.582,0
538,.359,3.586,0
538.67,.357,3.591,0
539.33,.357,3.595,0
540,.357,3.599,0
540.67,.355,3.604,0
541.33,.357,3.608,0
542,.357,3.613,0
542.67,.357,3.617,0
543.33,.357,3.622,0
544,.357,3.626,0
544.67,.355,3.631,0
545.33,.355,3.635,0
546,.352,3.639,0
546.67,.352,3.644,0
547.33,.352,3.648,0
548,.35,3.653,0
548.67,.347,3.657,0
549.33,.345,3.662,0
550,.35,3.666,0
550.67,.345,3.671,0
551.33,.34,3.675,0
552,.34,3.679,0
552.67,.34,3.684,0
553.33,.335,3.688,0
554,.333,3.693,0
554.67,.333,3.697,0
555.33,.328,3.702,0
556,.326,3.706,0
556.67,.321,3.711,0
557.33,.321,3.715,0
558,.316,3.719,0
558.67,.311,3.724,0
559.33,.309,3.728,0
560,.307,3.733,0
560.67,.302,3.737,0
561.33,.297,3.742,0
562,.297,3.746,0
562.67,.295,3.751,0
563.33,.292,3.755,0
564,.29,3.759,0
564.67,.285,3.764,0
565.33,.285,3.768,0
566,.28,3.773,0
566.67,.278,3.777,0
567.33,.273,3.782,0
568,.268,3.786,0
568.67,.256,3.791,0
569.33,.247,3.795,0
570,.242,3.799,0
570.67,.239,3.804,0
571.33,.232,3.808,0
572,.223,3.813,0
572.67,.223,3.817,0
573.33,.218,3.822,0
574,.213,3.826,0
574.67,.206,3.831,0
575.33,.208,3.835,0
576,.206,3.839,0
576.67,.201,3.844,0
577.33,.199,3.848,0
578,.203,3.853,0
578.67,.203,3.857,0
579.33,.203,3.862,0
580,.203,3.866,0
580.67,.206,3.871,0
581.33,.203,3.875,0
582,.203,3.879,0
582.67,.203,3.884,0
583.33,.206,3.888,0
584,.208,3.893,0
584.67,.206,3.897,0
585.33,.211,3.902,0
586,.211,3.906,0
586.67,.215,3.911,0
587.33,.213,3.915,0
588,.215,3.919,0
588.67,.215,3.924,0
589.33,.218,3.928,0
590,.218,3.933,0
590.67,.22,3.937,0
591.33,.223,3.942,0
592,.223,3.946,0
592.67,.223,3.951,0
593.33,.225,3.955,0
594,.23,3.959,0
594.67,.227,3.964,0
595.33,.23,3.968,0
596,.235,3.973,0
596.67,.237,3.977,0
597.33,.235,3.982,0
598,.235,3.986,0
598.67,.237,3.991,0
599.33,.237,3.995,0
600,.237,3.999,0
0,.239,0,0
0,.239,0,0
0,.232,0,0
0,.23,0,0
0,.227,0,0
0,.223,0,0
0,.215,0,0
0,.211,0,0
0,.213,0,0
0,.208,0,0
0,.208,0,0
0,.208,0,0
0,.208,0,0
0
