"样品编号","3"
"加载载荷","500"
"试验时间","10"
"运行速度","300"
"运行长度","5"
"旋转半径","3"
"扫描长度","4"
"采样频率","1"
"年","2026"
"月","4"
"日","23"
"载荷范围控制参数","1"
"运行方式控制参数","0"
"摩系量程控制参数","0"
.937,.161
1.875,.148
2.812,.154
3.75,.156
4.687,.162
5.625,.182
6.562,.19
7.5,.193
8.437,.196
9.375,.207
10.312,.2
11.25,.2
12.187,.173
13.125,.193
14.062,.19
15,.182
15.937,.179
16.875,.179
17.812,.174
18.75,.164
19.687,.157
20.625,.153
21.562,.153
22.5,.155
23.437,.152
24.375,.147
25.312,.135
26.25,.142
27.187,.135
28.125,.123
29.062,.129
30,.135
30.937,.132
31.875,.128
32.812,.122
33.75,.113
34.687,.112
35.625,.119
36.562,.098
37.5,.106
38.437,.103
39.375,.097
40.312,.103
41.25,.101
42.187,.108
43.125,.088
44.062,.092
45,.096
45.937,.091
46.875,.083
47.812,.087
48.75,.08
49.687,.093
50.625,.079
51.562,.082
52.5,.096
53.437,.088
54.375,.074
55.312,.085
56.25,.085
57.187,.088
58.125,.087
59.062,.082
60,.093
60.937,.096
61.875,.077
62.812,.085
63.75,.079
64.687,.075
65.625,.087
66.562,.081
67.5,.089
68.437,.081
69.375,.09
70.312,.086
71.25,.083
72.187,.085
73.125,.095
74.062,.084
75,.083
75.937,.083
76.875,.075
77.812,.072
78.75,.055
79.687,.06
80.625,.046
81.562,.048
82.5,.034
83.437,.059
84.375,.058
85.312,.045
86.25,.039
87.187,.043
88.125,.046
89.062,.049
90,.042
90.937,.046
91.875,.048
92.812,.05
93.75,.051
94.687,.053
95.625,.048
96.562,.049
97.5,.062
98.437,.067
99.375,.064
100.312,.076
101.25,.066
102.187,.067
103.125,.068
104.062,.055
105,.061
105.937,.058
106.875,.065
107.812,.072
108.75,.069
109.687,.074
110.625,.064
111.562,.063
112.5,.064
113.437,.054
114.375,.053
115.312,.053
116.25,.063
117.187,.063
118.125,.066
119.062,.068
120,.071
120.937,.073
121.875,.073
122.812,.075
123.75,.079
124.687,.066
125.625,.07
126.562,.07
127.5,.061
128.437,.073
129.375,.078
130.312,.075
131.25,.073
132.187,.075
133.125,.07
134.062,.074
135,.075
135.937,.085
136.875,.085
137.812,.081
138.75,.079
139.687,.077
140.625,.079
141.562,.078
142.5,.076
143.437,.077
144.375,.075
145.312,.079
146.25,.076
147.187,.073
148.125,.074
149.062,.072
150,.073
150.937,.076
151.875,.073
152.812,.073
153.75,.08
154.687,.066
155.625,.067
156.562,.061
157.5,.062
158.437,.061
159.375,.06
160.312,.06
161.25,.061
162.187,.057
163.125,.061
164.062,.061
165,.062
165.937,.063
166.875,.06
167.812,.061
168.75,.061
169.687,.06
170.625,.064
171.562,.063
172.5,.06
173.437,.063
174.375,.062
175.312,.061
176.25,.062
177.187,.063
178.125,.066
179.062,.067
180,.066
180.937,.065
181.875,.065
182.812,.063
183.75,.068
184.687,.07
185.625,.067
186.562,.072
187.5,.074
188.437,.078
189.375,.077
190.312,.073
191.25,.076
192.187,.076
193.125,.076
194.062,.081
195,.079
195.937,.083
196.875,.107
197.812,.101
198.75,.097
199.687,.094
200.625,.09
201.562,.091
202.5,.085
203.437,.086
204.375,.086
205.312,.084
206.25,.086
207.187,.083
208.125,.08
209.062,.082
210,.077
210.937,.079
211.875,.08
212.812,.078
213.75,.081
214.687,.08
215.625,.08
216.562,.084
217.5,.08
218.437,.085
219.375,.085
220.312,.082
221.25,.086
222.187,.086
223.125,.087
224.062,.09
225,.089
225.937,.09
226.875,.088
227.812,.083
228.75,.086
229.687,.091
230.625,.096
231.562,.098
232.5,.1
233.437,.1
234.375,.104
235.312,.102
236.25,.102
237.187,.103
238.125,.101
239.062,.104
240,.102
240.937,.102
241.875,.105
242.812,.104
243.75,.104
244.687,.105
245.625,.1
246.562,.102
247.5,.099
248.437,.098
249.375,.101
250.312,.1
251.25,.1
252.187,.101
253.125,.101
254.062,.105
255,.102
255.937,.101
256.875,.102
257.812,.101
258.75,.099
259.687,.101
260.625,.099
261.562,.101
262.5,.101
263.437,.098
264.375,.101
265.312,.098
266.25,.096
267.187,.1
268.125,.097
269.062,.096
270,.098
270.937,.097
271.875,.099
272.812,.096
273.75,.096
274.687,.098
275.625,.096
276.562,.098
277.5,.1
278.437,.097
279.375,.1
280.312,.098
281.25,.095
282.187,.099
283.125,.098
284.062,.098
285,.099
285.937,.094
286.875,.096
287.812,.093
288.75,.092
289.687,.097
290.625,.094
291.562,.092
292.5,.094
293.437,.089
294.375,.093
295.312,.095
296.25,.091
297.187,.092
298.125,.09
299.062,.087
300,.086
300.937,.08
301.875,.084
302.812,.086
303.75,.087
304.687,.09
305.625,.089
306.562,.088
307.5,.092
308.437,.087
309.375,.09
310.312,.071
311.25,.07
312.187,.075
313.125,.075
314.062,.075
315,.074
315.937,.069
316.875,.07
317.812,.074
318.75,.078
319.687,.066
320.625,.078
321.562,.084
322.5,.087
323.437,.086
324.375,.087
325.312,.088
326.25,.084
327.187,.086
328.125,.085
329.062,.084
330,.09
330.937,.087
331.875,.086
332.812,.087
333.75,.084
334.687,.088
335.625,.088
336.562,.085
337.5,.089
338.437,.089
339.375,.088
340.312,.089
341.25,.082
342.187,.084
343.125,.085
344.062,.079
345,.085
345.937,.083
346.875,.084
347.812,.083
348.75,.08
349.687,.081
350.625,.082
351.562,.079
352.5,.083
353.437,.082
354.375,.079
355.312,.084
356.25,.083
357.187,.085
358.125,.088
359.062,.084
360,.086
360.937,.086
361.875,.086
362.812,.086
363.75,.083
364.687,.083
365.625,.085
366.562,.081
367.5,.082
368.437,.083
369.375,.082
370.312,.084
371.25,.08
372.187,.082
373.125,.084
374.062,.082
375,.083
375.937,.085
376.875,.081
377.812,.082
378.75,.081
379.687,.079
380.625,.08
381.562,.079
382.5,.079
383.437,.081
384.375,.079
385.312,.083
386.25,.084
387.187,.083
388.125,.083
389.062,.083
390,.085
390.937,.086
391.875,.083
392.812,.086
393.75,.086
394.687,.086
395.625,.089
396.562,.088
397.5,.089
398.437,.09
399.375,.088
400.312,.089
401.25,.09
402.187,.089
403.125,.089
404.062,.088
405,.089
405.937,.092
406.875,.091
407.812,.09
408.75,.093
409.687,.093
410.625,.103
411.562,.095
412.5,.09
413.437,.097
414.375,.171
415.312,.164
416.25,.165
417.187,.16
418.125,.161
419.062,.159
420,.157
420.937,.158
421.875,.15
422.812,.146
423.75,.144
424.687,.137
425.625,.137
426.562,.133
427.5,.129
428.437,.132
429.375,.127
430.312,.128
431.25,.124
432.187,.119
433.125,.121
434.062,.122
435,.116
435.937,.119
436.875,.117
437.812,.114
438.75,.117
439.687,.114
440.625,.116
441.562,.117
442.5,.112
443.437,.115
444.375,.114
445.312,.113
446.25,.116
447.187,.114
448.125,.114
449.062,.115
450,.109
450.937,.114
451.875,.111
452.812,.111
453.75,.117
454.687,.116
455.625,.116
456.562,.116
457.5,.112
458.437,.119
459.375,.117
460.312,.117
461.25,.12
462.187,.117
463.125,.116
464.062,.116
465,.113
465.937,.115
466.875,.112
467.812,.108
468.75,.114
469.687,.113
470.625,.11
471.562,.11
472.5,.107
473.437,.114
474.375,.112
475.312,.109
476.25,.114
477.187,.112
478.125,.111
479.062,.113
480,.114
480.937,.115
481.875,.116
482.812,.116
483.75,.12
484.687,.116
485.625,.113
486.562,.119
487.5,.115
488.437,.113
489.375,.114
490.312,.11
491.25,.114
492.187,.114
493.125,.115
494.062,.118
495,.115
495.937,.116
496.875,.12
497.812,.117
498.75,.119
499.687,.122
500.625,.12
501.562,.124
502.5,.12
503.437,.122
504.375,.127
505.312,.129
506.25,.128
507.187,.132
508.125,.125
509.062,.127
510,.124
510.937,.123
511.875,.125
512.812,.122
513.75,.123
514.687,.124
515.625,.122
516.562,.124
517.5,.121
518.437,.118
519.375,.118
520.312,.117
521.25,.117
522.187,.121
523.125,.119
524.062,.122
525,.122
525.937,.12
526.875,.122
527.812,.117
528.75,.116
529.687,.119
530.625,.113
531.562,.117
532.5,.118
533.437,.117
534.375,.125
535.312,.126
536.25,.122
537.187,.12
538.125,.116
539.062,.122
540,.126
540.937,.117
541.875,.126
542.812,.123
543.75,.12
544.687,.124
545.625,.122
546.562,.122
547.5,.124
548.437,.123
549.375,.127
550.312,.129
551.25,.126
552.187,.132
553.125,.126
554.062,.129
555,.129
555.937,.127
556.875,.13
557.812,.132
558.75,.128
559.687,.133
560.625,.13
561.562,.126
562.5,.13
563.437,.13
564.375,.13
565.312,.128
566.25,.13
567.187,.136
568.125,.133
569.062,.13
570,.135
570.937,.129
571.875,.132
572.812,.131
573.75,.131
574.687,.133
575.625,.132
576.562,.135
577.5,.139
578.437,.134
579.375,.133
580.312,.137
581.25,.134
582.187,.139
583.125,.139
584.062,.135
585,.136
585.937,.136
586.875,.136
587.812,.135
588.75,.131
589.687,.137
590.625,.14
591.562,.138
592.5,.139
593.437,.139
594.375,.142
595.312,.142
596.25,.14
597.187,.143
598.125,.141
599.062,.138
600,.14
